592
176
518
817
390
79
409
509
125
270
399
784
795
743
413
576
647
894
3
315
932
474
690
220
10
343
827
554
488
481
693
819
304
172
101
68
434
15
394
458
50
257
281
778
650
107
448
66
804
31
411
491
756
573
505
202
30
353
626
86
334
546
951
279
664
633
470
859
136
603
863
392
62
347
891
34
828
539
997
699
535
145
878
852
710
228
214
515
262
215
593
768
446
190
944
909
935
2
452
528
791
652
601
178
674
645
383
570
930
350
263
111
244
428
902
957
617
736
312
495
494
344
327
267
246
628
260
398
862
405
850
490
916
656
345
960
329
103
627
806
789
492
460
175
950
662
341
305
987
193
906
97
63
298
253
940
365
331
794
72
87
17
931
196
962
210
255
23
266
919
786
438
689
663
769
77
720
466
985
321
559
860
414
285
842
523
37
169
108
675
629
336
512
606
140
760
299
406
292
607
889
82
843
19
135
703
42
453
621
612
730
574
436
302
184
679
342
303
110
824
649
282
200
974
502
242
963
507
314
506
55
132
527
898
533
47
8
696
236
879
185
408
956
832
163
162
501
544
969
773
880
543
467
715
128
158
496
26
609
455
232
641
780
35
887
923
250
818
144
801
917
726
389
218
138
948
541
164
624
118
735
765
261
556
732
771
560
123
195
89
823
90
59
921
479
498
332
351
718
668
547
829
665
388
223
783
671
988
264
613
114
764
444
91
651
577
929
78
841
325
698
926
666
892
316
697
328
221
777
462
293
605
151
876
119
644
934
670
243
839
745
117
927
58
680
382
586
24
147
589
188
739
972
744
205
709
187
802
41
857
289
825
237
582
310
245
866
655
157
124
222
130
131
648
526
608
758
100
482
194
170
165
619
296
755
623
309
348
847
790
192
787
540
816
229
983
809
837
427
834
995
69
207
882
908
355
489
271
727
833
191
807
497
208
363
358
64
440
761
160
639
22
272
425
999
95
705
687
372
895
44
947
287
814
731
517
514
213
198
510
901
122
226
286
352
84
616
149
288
810
410
858
685
274
870
454
445
387
461
694
85
531
704
199
740
928
354
133
401
558
747
106
28
359
115
109
861
708
562
946
104
313
88
48
433
557
719
380
201
912
567
864
40
306
280
877
217
552
752
579
464
504
941
423
51
672
320
457
290
998
742
700
938
844
678
83
486
56
361
724
521
900
776
971
549
779
994
953
426
60
239
27
580
155
980
712
167
883
65
525
54
412
869
335
322
297
821
591
904
604
782
216
256
447
308
259
669
370
364
848
1000
150
766
516
636
838
975
534
143
36
653
338
615
568
851
311
435
529
241
822
959
954
714
630
922
52
588
381
473
20
808
637
247
611
986
856
813
493
815
899
595
373
799
979
53
219
798
958
29
717
33
431
677
907
403
340
800
920
775
265
659
686
18
5
812
640
75
508
584
713
463
886
258
73
888
339
276
658
152
754
451
654
300
835
499
757
120
472
759
578
937
173
76
61
661
751
301
993
524
692
480
918
393
21
943
307
753
269
182
520
356
137
632
511
277
749
939
620
967
820
691
966
197
683
7
465
522
105
660
622
728
154
610
294
867
667
763
395
933
94
638
142
968
964
537
46
846
432
129
362
548
741
442
252
330
566
14
92
513
695
936
581
602
569
177
148
885
955
836
273
93
614
278
996
890
711
688
484
871
555
991
949
275
485
161
738
284
721
25
642
391
4
224
57
386
81
840
146
767
402
422
599
803
583
896
415
542
234
785
476
976
45
235
469
924
407
587
830
156
102
792
449
295
204
71
206
992
366
112
952
183
179
884
746
417
872
874
585
377
550
225
248
530
318
551
565
211
868
905
707
375
74
503
238
532
598
337
881
437
441
174
797
323
126
590
553
283
676
49
249
203
127
419
186
545
326
443
984
853
600
733
346
180
657
911
631
625
483
945
181
209
168
826
317
400
16
450
233
831
360
914
357
121
982
682
418
240
478
793
970
254
468
166
159
706
897
961
865
374
439
594
646
722
973
212
421
737
11
571
39
942
701
702
781
384
227
910
385
805
420
723
80
845
750
989
291
538
67
990
477
788
564
596
141
770
459
575
915
873
978
429
487
230
231
1
367
98
796
855
981
153
716
268
134
113
772
854
849
456
673
893
43
13
925
875
96
70
965
396
139
424
634
681
116
774
324
319
762
643
6
500
903
189
811
12
333
38
536
378
748
171
251
572
471
368
597
618
684
729
725
32
913
977
376
397
734
519
99
416
369
635
379
563
9
349
404
430
475
561
371
