4461
6729
4360
1203
5940
8617
499
3013
4151
1805
8354
2698
6731
2200
4384
3896
7624
2884
3770
5350
6772
8762
4491
7150
8997
1658
3940
7204
1739
646
1759
2210
4890
3757
6002
2268
6739
3174
5347
2922
8012
6751
7872
2658
1121
4049
6932
7911
4069
5162
6801
1247
5369
5165
1762
4136
8064
6052
9793
9448
2588
5569
705
2147
2360
3712
4999
5504
2256
8648
4035
4655
2327
5166
2467
3343
7887
6480
9973
7498
3509
8255
6008
9542
777
5575
2165
1531
6546
7648
7269
6639
114
1260
548
7069
4023
2437
8139
2258
4213
6372
7788
4185
934
8492
5891
6747
2225
4527
9994
3519
6826
4598
8529
2691
3127
5753
7930
9741
5240
8885
5285
7238
6366
9734
2426
7319
3501
9594
4752
5595
5961
9465
5207
5738
3474
1684
584
1633
7415
3844
8820
1344
8316
2254
8962
4277
9102
7046
295
2033
3731
5802
3405
8672
7977
3994
5269
1312
1545
7061
5252
7654
16
8936
4739
6222
9996
7301
7194
4706
2669
9751
7800
1868
3142
8765
1342
3227
7311
6694
3700
179
4564
5044
6228
6341
3349
5026
3378
3729
7573
8777
2176
4872
4918
2758
7655
5189
3454
6605
960
2797
429
2195
6701
510
6776
8862
3130
7049
2765
1511
2946
1410
4274
8964
3914
5973
56
7074
266
1354
4937
6092
8287
7027
8613
4251
7984
7711
3073
5741
1887
3303
5234
2936
1114
1151
4247
9316
8460
9370
4515
6556
5860
6195
7487
4256
5003
5138
8675
9934
9234
574
852
3829
1120
7348
3184
2388
7012
4071
5230
5055
1748
5716
2102
9971
8122
5059
6027
5412
4645
6881
3655
9530
8516
3976
8273
1449
2445
7579
7429
202
8854
5610
2470
3599
9603
78
7195
6929
3662
149
8189
1389
9145
9695
9498
4305
7693
9035
7570
8987
6520
3575
8806
7112
6428
1507
1018
5715
2868
6810
7670
9064
7606
638
8622
3949
9907
9286
4785
5905
3945
2086
3883
4942
4525
4857
6976
4229
9591
1416
3123
5100
6507
5522
8124
5966
5767
1572
928
3930
1774
7281
7815
8564
9921
4548
130
87
8484
4847
1751
9172
2837
2801
7531
2802
8134
6159
3697
9941
4974
2064
5663
2361
579
8419
7813
9687
5770
5228
3654
3658
4084
3217
4716
7104
4407
7810
4347
9692
2692
88
9062
9637
5874
9967
6620
9451
1922
4181
1928
8238
9980
9230
9126
9960
8796
4056
7595
206
5728
167
3062
7218
9415
2876
576
7499
7147
8047
3958
601
3122
4113
6284
1692
6102
9208
8175
4163
4506
7980
4994
7850
3702
2148
644
1530
4123
2941
4364
1050
9952
2414
7869
6849
6363
4130
3299
6761
8790
1881
7717
1760
323
8015
7424
3771
3165
505
5012
5854
7124
136
3936
5906
2300
6143
9473
5562
4537
269
1123
6216
794
5510
9999
3956
7344
6836
5302
4873
6705
6876
6839
1409
9306
9905
5477
9464
3266
2583
666
4580
161
9613
3459
3907
6379
6957
5075
8687
8535
4352
4746
9694
7544
2722
6534
5523
9168
2929
672
9361
6484
3311
7183
353
3373
7891
1379
2390
2957
4995
5227
5583
6032
6587
921
4349
6170
6319
4636
9206
3773
7968
6202
695
5607
9196
2607
3868
3585
6910
5736
5327
6536
2099
1032
2267
1283
6375
9744
5309
9065
4560
9904
9621
8296
9086
767
9742
7914
7016
1345
2709
5799
3341
3117
7463
3261
4567
9318
1474
2686
7399
5281
8593
8556
5758
5844
3881
480
930
5916
9285
4865
1729
933
2351
6393
1993
6805
6712
4227
119
8892
9383
765
138
9458
3741
290
1870
2484
3552
4483
1068
3878
1281
7092
4192
4450
8312
9074
9229
3206
7747
9721
8342
3804
2870
1798
9380
6440
7635
4691
3044
1822
3280
8701
7908
8946
498
1676
594
6891
8897
4118
3413
5889
6172
3215
4410
7647
5584
8304
1968
1738
6144
9471
8083
3934
5493
7361
1056
3598
663
9655
691
456
6820
8528
8611
1552
1673
6278
3401
217
5130
8839
2333
5141
4271
1921
9712
5113
7175
9182
1925
2925
5237
1166
6909
4078
4549
6868
5724
2537
6315
5013
4665
4280
1450
1168
4579
4569
9527
2427
4149
6084
3058
802
1055
1101
5792
6607
3962
4313
3861
2821
6409
6912
72
1339
1897
5455
1851
9857
2554
6657
716
5971
176
3690
8792
643
9908
2663
564
2591
2639
9879
6798
3525
4303
481
2623
1224
1464
7625
6597
6334
8712
1918
4663
268
3869
5394
7928
2927
6421
7844
3783
4568
5091
5262
5479
1454
1562
2504
8999
4501
4462
3528
4183
6602
7169
1800
7798
6807
6591
9953
8308
5081
6505
4429
2587
2039
7571
6210
4354
7731
9982
8969
8731
9157
9326
3226
4826
9339
9328
965
3854
3411
2764
9672
7129
1533
5447
9822
4478
9023
477
7428
8882
8042
9926
1201
3617
6007
8840
4319
6437
1983
2282
221
7846
5935
238
1616
8075
7801
768
4936
4561
3636
2923
4608
7705
1548
6154
4100
1695
5669
6327
8493
5257
1008
2276
2597
8121
3435
1108
1026
8365
7847
6616
1232
6158
974
2143
2456
2556
8322
2301
2796
8511
3891
519
4090
9362
897
7896
1296
3833
7120
508
3952
1791
806
4704
9440
1373
1950
7685
6875
9268
1787
7039
424
9272
5768
9291
7100
4664
5349
5135
3991
347
2762
1301
1041
390
5396
2253
35
1875
2940
1866
7890
2893
3277
6147
3325
9237
6554
3578
7752
26
6741
5219
1524
9303
6431
8184
2476
4811
2601
2636
3777
1681
9551
9943
9354
6422
5440
3911
4021
7566
8671
9807
7519
9120
5764
7548
2197
7095
7122
3919
4630
1126
8586
8507
9059
2848
7816
5056
2793
4572
5406
4179
5864
1159
4722
7118
1850
6182
9700
5519
1375
8464
1029
6899
2489
6426
4782
1191
309
7658
1683
596
1439
1341
9867
2342
9716
4175
5661
650
4646
828
6870
3366
3495
5692
841
6384
7086
1664
270
4309
3793
1716
3250
9449
6208
5827
1494
9147
7473
8065
8393
7613
998
8688
9191
5238
239
20
1456
9690
1588
851
5439
4295
1257
1149
1959
7789
728
9688
7467
5666
2056
4058
6594
1148
8548
3781
372
807
8536
5869
8262
1894
8527
1284
1869
2696
4338
7769
2336
3986
6142
1378
188
2357
1600
9308
2003
722
4858
7342
3486
7245
846
4531
7468
805
4593
7130
9682
3181
1482
5016
7300
4536
7265
4681
5454
9046
3959
8423
6157
6402
6206
8990
7412
496
669
1233
8870
4489
8201
4966
9071
4244
2032
8488
2810
9577
7958
8136
6584
801
8100
5532
6583
1285
404
8771
6269
980
4406
3043
3774
9384
6573
9668
8094
5898
8841
702
8336
7961
4823
1231
9290
4037
4898
3132
3564
9037
1109
62
9119
3867
7242
457
4633
5024
8163
2041
8573
5596
9070
2574
8966
2346
9702
5829
6307
989
5682
9013
3705
8614
2446
2061
3157
5881
5928
9469
7339
8321
7633
3761
8789
9003
9771
4829
3924
6755
208
5072
1463
7064
8665
7764
8948
8000
1067
8119
9431
9505
7577
5668
8062
1037
8350
9180
7745
2909
6653
6809
5348
9179
7256
3376
5126
1294
9485
9580
7557
8779
7312
5603
8447
9557
2547
3305
5030
854
1818
5781
8
8606
8807
4153
6049
8129
4798
9240
2782
9894
2156
2103
344
8496
6562
9149
1087
9602
6420
9217
7676
6886
4283
241
1570
7614
9421
8881
7329
7985
1904
133
9274
7509
5424
82
8197
7486
8014
8214
914
6453
3021
6635
6835
4658
7616
6110
8912
8728
2752
7996
5846
2619
3928
379
1031
334
1004
1153
2314
4683
4656
44
2566
9411
3935
3685
2773
839
6894
937
5488
3192
2307
7804
8742
902
2458
4131
6004
122
8337
9531
3583
2933
4685
1773
1390
9417
5384
4202
9300
4215
9439
8339
6040
80
5657
9552
1442
380
5300
7939
3714
8412
5201
6841
4154
6035
8216
2808
3920
1725
4755
5450
8236
5486
415
9490
9769
5221
3135
5076
1338
6704
1829
881
6744
451
2945
2987
4081
5224
28
249
3315
8981
735
2590
128
7317
8223
4391
8233
9350
8601
3389
4556
561
6706
523
5001
8954
2172
5184
8582
5533
7960
9977
7575
3534
6892
4761
4500
6318
2943
4908
6211
7313
7494
1883
5994
1274
9828
9640
9430
6535
9020
1021
5343
9428
6618
6075
8905
3621
4085
7341
5571
5903
4073
6588
9922
8718
9549
877
9057
2226
123
8018
3545
3354
8376
6519
5250
598
223
2684
2885
9052
649
2813
984
2886
581
888
614
1802
5452
3656
6949
4385
7176
2994
3140
6759
4812
2238
7297
3828
1838
7935
8755
631
3258
1436
1337
9786
1113
5023
9836
1408
5858
8884
52
2487
4763
9393
7584
9475
3840
3992
8512
7230
1146
9639
4239
3144
3427
9075
525
7026
6299
5307
1746
1702
6246
5067
7556
8056
3794
1193
3243
9304
1134
7425
3242
5581
6101
3248
992
1854
2942
7356
325
1825
9507
6851
4637
2951
7446
260
2114
6913
4022
2108
5181
514
5983
3506
6717
4170
2248
4297
9413
3626
832
1585
6521
5992
6074
5021
4550
5146
9499
8469
1407
8561
3095
8931
4635
2452
7873
4436
9968
9845
184
5464
1462
1147
3699
2652
2842
9296
8957
8457
85
884
4126
776
7592
9226
3693
4518
2299
2604
5521
5549
5125
6547
3296
2325
5960
2310
3173
7351
158
4253
3834
4362
5006
4943
1707
8306
8748
1033
5899
7211
9377
6214
4416
8330
2685
3408
7523
836
3154
7119
2465
9965
6203
1979
3864
2368
1919
8028
2059
759
8607
8378
7824
4528
3978
1513
5721
2979
8978
331
9200
8608
4734
3054
9118
3954
9144
7957
4688
3724
4412
9081
9011
9586
6664
6298
8403
8944
4448
1661
8309
8357
8692
3795
5242
9092
9543
1899
4199
2162
3618
4140
2403
8436
991
8327
4413
489
3202
9575
7126
7037
7247
1624
7768
6383
7460
1892
8845
3698
3391
3816
3600
1297
6530
2332
6020
7299
1311
1775
8411
762
2937
2045
7125
2324
5463
3843
8258
3185
8965
2638
7919
9956
6709
893
4211
7105
4876
7964
4757
4892
5713
3581
8088
9091
1573
2178
1230
5998
5133
8680
3418
9657
8706
99
4331
6467
2377
3183
1812
1181
58
6153
5863
1912
6156
1252
1428
6733
2141
1517
8102
1177
7083
1336
2573
6580
2321
5253
8917
8826
6563
7516
6796
2150
8093
9762
5197
8217
9360
9840
3812
8270
6344
9345
5681
6783
850
5911
3420
9805
8863
7526
1363
2343
5742
7157
1974
6331
7372
9000
1176
9663
2369
2822
8140
3535
2464
3012
8833
5220
5842
2019
4031
4877
1348
5538
4442
1670
7990
7375
6160
8877
1867
4960
1092
2740
3666
8470
1929
3388
2854
3536
4895
7864
8791
4843
1350
4814
7667
9844
1966
809
5671
9512
8594
6168
7729
6515
8384
8758
609
3002
7608
5609
2647
1090
1816
2104
6617
9945
6991
1933
3005
8318
1102
3379
7013
8434
5053
2666
7309
5336
4841
5069
2123
3610
478
9515
9412
1171
9989
9122
7043
7527
7136
8300
1587
4659
5929
7940
7742
4419
4632
2568
5462
2401
4914
9136
9265
8933
8949
8523
3785
2519
1499
6217
5709
2062
8733
967
3650
4468
4907
6067
9325
9483
5525
8027
2235
1819
8823
1603
7539
5518
2962
7133
4729
8952
4005
4077
2605
2533
3695
5547
9445
3412
1544
421
2278
2635
6637
4060
5358
4243
1174
1066
4824
9988
7785
610
8352
9087
8478
4553
8456
942
656
6858
1399
8979
8282
1105
9166
6883
2280
2708
6985
5576
3616
4434
4096
3136
4371
8542
2861
7168
1187
2548
5057
9423
6392
3149
907
9030
37
4355
3
7819
3014
6926
5825
3670
3916
3738
2367
4298
9521
6443
4266
4459
8872
8714
4668
7510
2976
7848
7932
9540
322
1840
7178
4882
3553
6775
492
1901
4705
676
4288
8176
7296
3620
2398
9893
1053
9504
1180
2106
2557
9583
2716
6051
8935
775
7533
8127
3694
9706
9814
789
4068
2424
7972
7199
4725
7397
2247
2330
696
2741
5980
3365
8910
1728
3166
5644
6378
7402
9480
6915
7555
308
438
517
8172
4827
4098
6813
7641
8860
9667
4390
4924
637
165
3390
7684
110
8442
5841
5812
1002
3523
4881
6538
9205
5908
5785
9696
2609
2146
3926
4758
8149
4989
6902
4538
8116
2219
5106
6288
7998
7753
2275
4421
6068
3131
8914
7132
4393
2624
1594
7901
764
4268
837
4821
2355
8147
2676
4066
3892
9219
74
5624
2393
3077
3530
4832
7754
5751
7805
8171
3612
7220
1935
1249
4169
6975
211
2138
9625
185
363
3113
3706
3415
6461
5677
3476
8925
2475
2349
566
4543
210
7036
3026
387
8784
9195
2171
6683
7430
3831
9319
4134
1727
3822
8037
7098
3549
520
7659
2986
6411
3186
5229
8960
7480
1674
3015
8547
6226
5161
3717
5342
5821
2311
7138
9162
817
7294
8105
3784
1388
38
2348
615
6781
8751
9750
7140
2157
1266
5160
6571
13
756
2105
2341
6993
3688
3392
7450
2030
1184
9271
464
7153
947
8179
5210
3957
362
7665
460
3027
4926
1458
4417
174
4797
7702
1619
2173
9
1394
6187
8275
2965
4697
2901
861
7598
4585
8490
3213
4488
3323
4083
8020
8054
282
8525
4791
2640
1479
6030
4730
8878
7131
3582
6200
1048
4206
1366
8907
9130
6817
9128
6451
54
8735
4232
1325
7082
104
9870
8793
4975
2008
5834
2820
8067
8143
6029
8446
9556
3107
9078
7840
5511
5670
7386
8822
8227
2227
5536
3981
2811
628
811
8068
1405
3235
3158
2565
408
4638
9984
9558
8652
3619
1521
8538
4495
2678
6756
5714
2320
6355
7347
1938
4499
7751
9896
2447
3750
9847
5503
6281
3659
3456
3188
5946
4177
922
9338
9648
6867
2956
9938
2116
3146
9386
1948
8165
6791
8284
2831
327
982
6606
5795
1734
3710
5499
6582
9288
3328
7021
5022
9516
8596
5490
6593
9912
1471
621
8795
186
7028
8634
3811
3589
9753
3660
1491
9737
8835
6244
9872
3767
3680
3141
7205
7008
2004
7279
9678
5645
6395
9686
8600
2511
6403
9572
6470
4376
8399
7899
3824
1577
1129
1955
348
9714
7728
8555
7793
3068
7262
8080
7065
5555
9247
2259
8402
4510
1073
1060
2912
2411
6863
9765
2080
2819
5480
7826
1022
5319
1877
9877
905
1478
4234
3683
6236
575
4497
1295
3302
1096
6227
7457
5171
925
7832
8320
3039
885
4014
8888
5321
1445
4055
2356
1835
4024
6844
4439
3360
3801
9561
8641
248
7883
7812
6189
8379
412
8576
5209
6011
3087
3164
6245
8843
9789
5797
9405
6178
8038
6495
11
8519
5541
1617
8521
6509
4219
7929
8495
5570
8794
599
2098
8921
4777
3678
7784
9244
6316
4799
7243
1579
3255
1116
12
2035
948
2950
9436
5111
9477
8241
4803
8918
3681
5312
9818
1418
9799
361
8167
6463
4242
1330
1880
755
6204
8368
683
1740
4324
2645
6360
7744
2168
2693
6529
2529
2985
1046
1024
3452
1749
2092
912
6681
6435
590
8539
6865
3314
4787
1173
6952
4008
6325
5593
24
7699
7144
1065
2214
5251
1742
1698
8886
7303
6329
9555
8515
4947
3998
2043
7334
6496
8158
8305
1956
6979
4610
7165
4009
791
3284
7219
5283
2181
924
4647
3409
6213
8413
6276
3171
1186
3416
2271
6668
9085
9324
4443
4064
2440
6259
125
9961
6452
8215
2846
6730
5965
3081
8401
159
8466
5226
9829
9906
8426
2699
5732
6713
6818
6006
2541
2908
7671
137
9058
7091
3487
694
8115
6833
7926
381
2109
2231
2655
9455
1765
865
5967
5987
8162
2378
2526
7889
2959
8540
618
5320
1597
236
5431
8317
2508
4600
8891
3657
5642
434
3355
6072
8856
9632
9578
129
4357
7945
6749
4575
18
6464
153
3138
1671
2572
8199
2903
5513
719
8123
9073
2814
5039
92
5365
6743
6486
5433
9158
7434
9124
1357
7076
6444
9298
3526
634
2747
7963
2240
4578
4194
7970
2558
5534
997
7737
3692
2600
7241
7080
1377
6945
7302
9333
9462
5115
7231
6192
6999
5280
8390
2084
3461
753
6260
5007
6250
4382
1712
3327
1781
7366
2
9452
5614
5649
8161
1412
5074
1872
3434
393
4226
7574
2170
1320
1097
570
8153
5261
2081
6237
6191
2527
8081
2089
8096
7725
8989
9494
5293
7626
5561
9830
868
483
7965
5643
3826
5733
9623
2063
9394
7712
3563
3987
4928
6314
8930
9993
526
662
3882
2071
9347
7981
8097
5822
7052
2326
9567
1989
4057
2515
7662
5314
8348
3587
1731
9554
6603
9263
4059
1467
1574
7504
6264
6956
5308
7503
4097
7540
3106
14
6022
3577
9604
9009
2592
7892
7736
81
6903
1313
7084
3152
3310
5548
572
437
4897
8249
4686
6630
5187
1820
2054
8980
2997
5445
32
9366
3671
2717
8030
3076
3676
3470
1226
9564
497
9341
727
878
1595
7802
5151
5618
5850
3214
8032
1900
7280
9283
2755
8717
7611
9109
1856
9076
927
68
6541
8373
7182
8658
8855
2127
9534
1667
5700
6417
5512
8562
493
1807
2745
201
3513
3642
1954
6045
1182
8335
5820
6764
5778
8313
7418
8285
3071
2989
2264
9571
6076
5078
1351
3479
3807
5363
619
6015
7186
4981
9236
3168
1809
3100
264
8580
1975
9329
4193
7886
5639
8452
76
9132
2135
6120
8293
633
7179
3151
2345
142
3233
8489
8106
2051
7842
1932
687
1044
1227
4494
1634
1064
1393
8570
4498
247
9426
788
3740
5338
3556
2177
4204
5941
2890
1355
7367
5000
6642
4075
8101
9454
5061
4571
9292
2187
9853
5765
891
4609
5441
2578
9658
1075
8366
7618
2855
5582
118
7623
5897
2679
862
3480
4089
6766
1705
5495
8003
2980
6918
1691
3291
8441
4866
2660
5574
1709
9257
7836
5168
6685
1081
1848
549
6297
3529
4516
8686
3635
6397
5248
352
4335
4006
7345
2534
9768
6060
5919
4404
2966
3047
3768
4588
7003
4542
2729
4594
7720
8170
864
2798
2967
1923
7679
1757
2234
7922
2379
235
3191
4904
7995
530
7871
7834
9115
2034
4789
4591
2125
4201
2211
5199
9371
4968
7212
3802
1622
7630
9491
6539
5340
4399
4473
6581
1726
1144
3216
51
4339
6262
8995
326
7
7772
4485
7760
6280
814
5245
43
4433
6930
3150
2894
343
5205
9146
3041
5397
6012
3483
8450
5578
4328
2732
7081
9824
7324
9975
7316
8291
8400
8363
5275
7261
382
280
4573
8626
5920
452
9424
5859
939
8757
6982
1287
1823
9858
7701
108
9501
2488
9262
3208
4469
8471
1747
9825
6874
4903
8746
5535
6823
2530
5331
6992
1152
2862
9051
3368
7497
9385
6600
4619
7661
7444
2581
9860
4401
9675
8766
5997
5798
1839
6804
7387
6596
3109
9779
5034
3481
9432
2460
2724
2233
6790
5599
2931
5896
7627
8657
7042
9864
2969
2015
6254
819
5558
3241
9911
69
6141
7188
4845
4265
636
2687
8289
7888
484
2845
6418
5108
7085
5619
959
476
4850
7951
6086
5070
2188
9353
2468
3641
4530
2365
1493
1
9680
1648
4963
4273
6176
654
3304
7173
4278
2144
6455
3679
1753
3917
2653
6855
100
9536
191
6978
6434
8427
761
8633
7113
3531
3909
5032
4696
8242
6523
4558
7201
4146
9909
7392
1685
5156
6933
2450
4828
4794
3498
9004
7330
5373
3689
3837
4467
1215
4650
8026
373
5537
954
4240
5559
6872
1903
1795
9163
3609
8763
4109
9374
3196
7640
8956
3120
4900
5123
6778
17
8109
8164
8137
812
4368
9489
6678
2824
3898
7853
5110
4508
6661
7360
668
5259
1111
1718
3271
2596
1145
2595
5301
665
2977
7755
9468
9610
2991
751
7380
4
7139
6629
9223
3032
7515
1263
9970
6127
4589
8146
7106
5400
4365
4292
5413
2795
4917
5469
8355
3300
2184
674
3375
5011
4030
6973
9616
2334
3764
9224
2241
2738
7596
5109
6728
7672
1556
8060
2891
1598
2874
5520
8725
4566
1842
7730
8059
6338
4883
2767
9321
1817
3273
6321
8150
6774
5498
7466
7445
3537
8073
6286
9352
2694
7562
3035
2626
578
5097
2067
973
4282
2048
8578
8009
3230
8569
5855
7855
4629
6183
1481
4906
8940
844
7135
1140
8616
9804
8392
8517
5198
154
1859
3407
688
5622
4155
757
6190
6906
2863
2478
8874
6862
8071
2603
9151
8297
9506
7099
4679
8909
3674
4786
798
1789
6291
9474
4714
3554
4861
4178
1504
7905
7902
553
5036
5568
6921
7078
3983
9453
455
5018
3205
7520
8210
4012
1526
7880
3838
7377
115
785
4080
1837
3682
1057
4293
46
6177
9186
1438
5824
7237
7992
901
4260
4748
8112
4455
5843
6270
4189
3950
5422
6263
7758
3469
1557
4028
9785
8737
5236
2562
312
5944
9823
458
6353
8319
2124
5962
7866
1190
7916
9684
1605
7403
8110
3665
5592
4255
4732
1234
6545
2628
1965
5879
2100
1141
3264
1611
5112
9170
3491
9649
6265
8410
6997
660
3606
4702
8827
5594
8130
7056
5132
4139
651
2115
5427
4067
5086
7724
9895
9446
7249
1615
7411
9334
9320
6255
2689
1261
1643
4834
3912
957
9340
6483
5139
3322
3737
220
1862
8780
2179
8481
5694
1873
6920
9902
1063
9484
4954
3836
2198
5567
4817
1362
2551
8621
5807
4375
2703
4849
6323
9811
5978
8098
5104
2630
4415
4125
8810
2074
5472
8338
3193
2826
7975
5861
472
7954
8394
7780
7620
7128
5926
7461
1930
5613
1566
1196
2070
2944
899
8239
961
2815
5948
592
8531
1568
9957
7459
3133
5703
7190
9514
8651
491
4420
6335
7419
1522
8325
3482
3057
8676
1886
5271
9425
5901
9903
2871
4563
2812
8896
9359
4231
394
2570
9510
5796
8902
7271
8579
1185
1012
7362
8475
5689
8898
5401
3614
5103
7215
8873
8004
4808
1833
6041
3239
3512
4749
5049
3346
4493
7500
178
1796
8991
8745
6557
3402
8588
9260
4457
9863
9127
1265
8406
9972
5907
5346
5027
3359
1020
4676
763
3061
1525
8630
3199
1143
7284
9622
1386
7236
3559
4099
7713
6567
6601
5882
4618
9443
9221
1824
8303
1426
8416
4754
416
1815
2163
7370
6599
7253
5099
5685
8046
9486
5749
3507
5779
42
9826
4737
8974
8666
1453
7022
7260
4086
9930
9838
3544
4971
8329
4617
7778
8585
3118
8988
607
5662
7456
8252
4867
6439
9925
7694
9107
453
2075
3387
1461
8571
4492
4281
4158
538
8377
2201
8185
611
1523
1329
8993
4138
6454
5710
9312
9044
3855
8264
8485
5152
4743
4678
7849
679
407
8883
2372
1732
9873
251
2631
1520
1017
7441
908
2589
70
1826
7521
9553
7757
5755
3190
2584
1200
1205
4452
8195
2208
3825
9063
2107
7477
3045
7254
1469
3661
3915
8353
5557
7023
5216
3003
708
2387
5154
2160
253
913
3538
4318
3762
4534
3254
4174
9946
6169
1662
1724
2036
182
6357
5282
5206
4127
89
1270
1642
5840
5005
4596
8584
8005
9171
9780
8953
1084
7771
2683
8643
4891
8821
3518
2337
67
3203
287
8961
5185
5041
7455
3397
7030
3947
207
9105
5932
3848
4248
1529
944
6522
1766
3763
3468
9365
1804
7355
423
7234
1381
2506
9631
608
1567
6090
2077
7491
7096
4859
9726
5425
405
6219
883
2513
6037
4836
6821
4124
522
1219
7368
8246
6552
6698
9256
4842
5467
4889
752
8970
203
8667
8181
3223
2382
3800
5182
4171
3903
5196
5975
3963
121
5587
6274
284
8424
4721
5943
1512
8928
3973
4551
6292
1404
2992
1733
9709
4607
155
1014
1277
4196
9275
4233
7310
715
8889
6103
3996
8922
7426
1074
4853
3088
4927
1078
5015
2726
3516
9022
2305
1202
7191
9012
360
3225
3431
378
9185
2246
9767
4675
420
4642
3103
2443
2490
3042
9566
4258
8228
8598
2804
6111
3955
1303
6861
5801
5804
8719
3234
8783
7567
7947
4479
6829
5471
3494
2774
1384
3594
6099
7777
760
5140
1137
6965
4002
7610
8022
681
9305
8263
9841
1289
7955
5699
750
3925
2220
3126
9213
6757
5147
5769
8663
6407
3778
5800
1322
9951
7761
6767
2397
3172
5291
6294
6135
7632
6838
2525
2705
4863
4980
41
7609
723
3036
790
7564
1744
2002
45
7825
8967
5784
7656
1916
9184
2031
48
5438
109
1243
5264
9817
6762
8609
9395
8532
2085
9730
4815
5782
5470
6351
9574
3269
6232
4830
9008
8655
6631
7067
3873
1238
2867
4806
2916
4336
5468
4343
2110
3970
1094
4671
1849
4034
9161
7683
7413
2131
3515
3485
1000
2509
7002
2665
5564
9216
6663
9519
8513
3006
190
6196
4695
1269
2389
5129
8066
65
3175
8678
433
5
6251
2404
2118
6252
6885
8938
9138
5465
296
9459
1448
8871
4438
4884
219
1206
1132
3520
4110
7393
5730
4509
5305
3592
7568
2352
8707
1302
9732
8347
2995
1156
8631
8213
2350
986
8558
3631
7993
6238
4933
9005
9866
8138
4554
5364
5731
6346
1949
6908
2277
9156
2013
1784
2579
8078
2852
5743
3571
4953
2888
1591
2154
1700
6959
6974
1888
4430
4950
3703
7015
7485
5405
5803
1801
3860
6296
6136
9150
6055
5762
7493
2512
1112
4529
979
6145
8619
6794
384
3856
4667
9878
2448
8520
919
8386
2930
5341
8208
6693
2287
7359
2982
1806
9802
5299
9918
8268
772
2849
1821
3573
6996
351
8232
9923
1682
4662
2553
442
9007
2132
6234
6650
1713
9183
7350
9579
218
2754
8544
903
7882
6478
6119
3445
1555
1088
6746
8482
3082
274
9801
1604
3627
1596
8749
7946
889
9635
2492
5788
8019
5002
6511
8973
6057
242
5550
8506
2439
6241
2317
625
5288
3663
4167
7839
952
642
5054
2472
6059
5646
430
6939
1317
2832
555
6856
3000
169
6771
5437
2120
4249
9233
4050
4065
1736
3018
7583
3477
4793
5839
8192
7746
7115
6198
106
2934
9761
5435
4046
5249
537
171
9749
8713
4341
653
701
5265
9307
8486
4869
1395
3634
7472
1502
8259
8920
9401
8767
2990
1001
1714
4595
4048
5936
6958
6916
9650
4921
1214
7547
4613
6540
7250
8035
8682
4262
222
5239
4301
2958
4983
4689
7817
2055
2727
2212
5176
4222
7636
5675
8644
4742
749
3194
5658
9367
7214
9487
7292
4967
6895
7874
2787
5128
5664
4736
8461
2130
3252
5200
2872
7075
4013
4001
6125
6682
4719
3251
4451
9422
7162
8265
6788
9881
107
5939
3749
7893
539
8198
3286
8095
1783
7833
9332
943
2743
4724
7478
929
396
3180
7417
6129
6069
4765
5306
6034
5311
1730
6935
4132
3324
2391
8092
5028
7677
8351
3240
3542
7034
2650
3532
2656
7507
7481
9031
4956
3170
4886
6662
1952
1696
3383
968
5294
9990
8224
8592
1167
6950
4985
9627
7944
793
9538
3224
6003
3849
1245
5418
9019
770
9808
2245
6014
5757
2892
3886
3591
2697
5421
1307
6512
4726
2501
6114
6387
224
9066
4970
6763
2371
305
6466
543
9927
9899
7327
1346
9388
463
5851
1497
6548
7263
3448
7867
9659
441
1472
6648
7149
3236
1415
3377
2904
4930
6242
7524
738
6130
3995
6382
5684
3473
2260
7358
7660
2076
9249
9442
4562
2531
8085
5153
304
8133
7600
562
3927
4854
7808
2136
5136
7343
580
97
4471
6083
8174
3201
7716
1697
7878
9810
1940
4713
9342
5902
5556
583
5600
4475
3245
376
265
9589
1991
6675
6853
9083
9227
818
2191
3463
3874
4366
8721
1967
4570
3428
1722
1188
5625
1434
1782
1222
3160
112
4263
4996
7828
9775
3788
9855
5289
1127
710
7383
425
5974
1687
9164
1421
1169
7537
5760
6465
4180
5430
829
8996
9916
741
4228
3023
3597
1635
3229
6445
9889
9962
7264
2993
3673
7462
3020
8439
7542
8716
7750
9885
3756
328
9981
8501
7704
8113
9614
6532
8851
8380
9232
7109
6963
5711
5483
3576
6911
8951
3543
5315
7649
2835
9322
6940
1813
7698
2093
5777
7952
8186
9513
8581
2354
8797
5993
9739
6893
5772
9796
2753
8738
823
4753
5284
2175
7865
5606
3901
5551
1677
6990
4330
6373
8219
6424
1699
3696
5393
8650
6995
714
7073
2068
5476
9630
845
124
9174
3633
2585
2575
5089
6016
4346
3293
4025
3603
7087
1315
9727
4095
8331
1160
690
8277
2614
6343
1466
3447
9069
9392
677
8753
9121
1062
3931
4939
7229
821
7517
9628
569
8645
547
5084
686
3497
1863
9653
3268
3743
195
7423
7233
1495
4835
4326
3733
5579
3887
366
8409
7376
718
4738
5616
2617
6938
7228
8602
6312
9079
6873
1656
6441
4919
8340
8288
8480
7543
545
6634
3455
7966
7942
1535
5246
2242
6053
403
9177
6633
8629
5950
3038
8257
1465
9565
664
7775
1560
1793
7274
661
1069
4454
8642
2363
6300
9210
5436
1304
8173
3980
5673
6056
1217
6857
4621
2736
7323
8218
3437
3426
3308
2594
9152
3089
9679
1527
120
6814
6095
4545
4426
77
9467
4574
9054
1155
2961
5737
9267
7809
5324
577
2598
4290
863
6758
4484
2493
8433
3433
2129
4195
9754
4197
7923
7536
5969
843
1136
8074
6576
9373
47
2431
5211
7439
1025
5856
3289
1501
4018
7152
8524
4230
2428
7277
2725
8975
7971
9854
2026
8720
8551
8661
3037
7529
2760
34
479
6901
1546
5451
507
4902
5872
2772
9433
5094
8367
6811
2194
1686
8407
1614
9719
3623
8021
2779
6167
8994
7101
8444
7554
9001
8709
2654
3085
5563
7266
7047
469
6960
276
9865
3979
3718
6181
1267
197
7306
199
1165
9258
8703
4583
2213
9724
6502
3792
7134
6750
8033
1996
3438
6672
6843
639
4405
3121
3524
8497
1769
7388
2402
3786
5937
7790
2435
536
2065
2347
509
6471
2309
2338
5188
8463
6087
4870
170
9897
8627
9434
8761
524
516
6137
1010
3806
1960
4224
4359
2825
9760
9605
1874
8328
7180
784
1241
6207
3827
411
1971
5615
2999
4289
8234
2775
9900
2182
876
3539
5996
8834
704
8787
5955
559
1626
6313
9047
5203
5149
9910
7900
7983
5890
2608
1387
5092
5378
9375
8061
406
3417
3923
8462
8135
9289
2507
8443
4414
7615
8017
8700
6475
6590
9460
5977
748
6275
6654
6981
9043
1162
2167
5179
4135
5177
7283
7346
5382
706
4182
8231
5448
4615
8278
3022
8697
7763
2047
993
9792
5071
7443
6436
1589
3944
172
8927
7973
2304
2788
5033
5531
5845
7979
2497
9991
2625
6589
6524
1953
1276
8553
2139
6457
2413
4144
8063
1400
4559
6944
6822
3701
6063
3977
8222
1771
1452
6927
5791
2850
3056
513
3744
75
8864
5984
698
5398
9693
2239
531
7160
6765
243
4308
230
8341
3675
3209
7508
541
7936
3966
2441
2695
2463
1437
1027
5573
5875
7354
7275
2875
5322
7807
4270
9287
8815
8502
8202
9014
316
5410
6088
5102
1920
4205
2586
2680
5806
3540
9209
8785
2968
1660
3182
8082
3953
5805
6089
1719
8998
134
1477
5387
1417
4888
3386
6689
7483
9736
3274
9135
9419
8530
4909
4087
6390
8769
3040
9660
8279
7384
9708
294
5381
988
739
86
8695
8126
9776
2215
5444
3630
6460
4408
6201
2284
3877
7108
2209
9056
1131
1110
2780
9159
2917
5695
4481
2095
5650
5659
7852
6042
3779
7709
9215
6215
5020
2615
1632
612
9493
1253
3153
1077
5004
4992
9748
3850
4020
7668
7094
2479
699
3651
5487
9016
4750
1937
9774
1797
856
1239
742
4409
5708
2399
1455
5330
8894
2841
7646
7159
4913
8534
385
8051
4522
697
4044
6555
786
1172
9651
5485
2159
5540
7496
9717
7588
5653
8230
1942
6348
3557
3871
7707
4957
6028
5383
4340
4657
6416
9496
6171
3727
3728
7181
3111
6472
5232
7077
2024
6724
5359
256
5374
9715
6623
2887
872
667
6684
8069
3709
2370
5019
7437
2318
7863
6349
6081
7718
6287
5274
162
2207
7200
3601
1098
7603
8604
2634
1011
9346
6128
1884
8677
7464
4887
8298
8408
3645
9040
1590
9266
398
101
6293
6369
9173
5589
9239
4938
9562
3212
7653
8583
2344
5355
1356
1549
5683
369
2262
2206
7251
8623
5651
4643
1558
1118
9133
291
6108
1610
1855
5082
6702
4437
9532
2407
6336
7298
2510
6923
9608
8221
4844
5817
1130
5222
4486
4447
5491
4214
7941
1424
9344
6082
8916
8002
8941
90
512
1070
9310
5877
9188
4187
6558
358
810
9595
2500
2496
4698
8817
1986
8114
3990
4191
6
2983
4880
3677
534
4440
1332
6860
467
4425
5915
1095
1117
6986
6516
8847
1229
151
7875
7735
6098
345
4070
6199
9892
6100
1613
8730
3425
8659
8911
3628
4802
6917
9871
4517
5789
3567
1163
7378
5047
4535
9590
1810
3910
7831
2288
5927
5979
6802
7927
4711
9302
6462
5233
6710
3969
8472
3747
1964
5565
9689
4241
2134
8200
4235
144
8483
8804
4284
9843
2880
302
977
3521
2069
8612
5636
3722
3465
2571
2471
9718
9235
3611
6670
6385
6482
4905
521
3380
6224
4261
9611
1473
6647
2244
3859
3419
7479
9548
7452
3436
9435
8010
7762
2250
2734
7856
4072
4466
1995
7690
5656
6854
7167
529
734
3247
8879
9117
6500
2237
3753
9212
3207
5080
5871
8684
5794
1016
6097
3562
5580
4988
8382
95
5093
7593
8120
6553
4162
4380
1550
166
9752
5214
7257
2877
2050
1601
7184
2715
9021
4727
635
8280
9478
7352
8857
6951
9407
4477
4788
4822
5272
2374
7202
5604
5586
4768
9747
6513
2768
8310
3189
4868
2122
2204
9444
3669
2794
7642
587
4166
7090
9402
3765
822
9832
9884
5947
4511
4521
743
3363
8013
1213
9986
4299
5970
5276
6850
8048
2714
8805
5127
1506
6987
4040
4940
827
4381
9839
6279
8362
871
2007
5137
7803
6096
187
9400
6691
2920
8323
5665
783
9027
8108
972
6745
7031
7207
9481
632
4864
3504
6433
1515
8985
1292
4759
3579
820
1743
9827
1843
6977
3272
2454
6789
6740
7759
3550
8425
6161
3090
5389
9585
3719
9588
8664
2818
1492
7005
277
6492
3065
8178
5144
6610
7530
8832
8649
8705
8929
3746
9018
3114
9738
4198
1505
3237
2251
5688
1961
1786
5096
7407
9351
2480
8812
3059
3064
9111
401
1905
3787
729
620
3993
7857
7221
4532
945
1047
2400
3092
4979
5213
826
2193
3918
6866
4487
5951
61
8984
4311
7765
853
8752
501
3159
1059
7148
5456
9038
2461
5734
8620
8361
8514
4042
1198
3902
5652
533
6370
2249
3287
8072
6283
356
9743
4733
542
7187
6430
887
4620
981
8315
7994
4245
5697
3475
4490
5524
6831
3019
7604
5370
7806
2094
3228
2769
1981
307
5190
7471
9104
4503
9662
321
3104
2422
9231
8451
6050
7489
1498
2222
5326
8724
2432
1157
7492
6787
2750
1142
9647
6271
9472
5887
6946
3069
5830
3458
4627
3338
6152
7835
9661
8982
9634
6550
1972
4622
3424
3222
678
9041
1484
4361
4129
117
5849
386
1845
4325
3319
1380
4741
3613
6048
6388
5354
6904
7513
9389
4677
2273
1435
8272
2721
1998
8803
6828
9607
3336
1138
5717
882
2503
6636
4147
8011
9089
5545
5367
7988
6039
2633
7053
1541
8397
2550
8589
9835
2542
3708
2396
5892
4063
5635
2602
6641
5037
9606
6105
64
3799
5278
3367
1218
926
6848
5590
8438
9187
9203
5735
6442
2266
6026
7862
8437
3309
8345
4852
7739
7986
2661
4296
7020
7332
8533
5633
1911
7601
1175
9573
3503
3345
8875
84
1890
4944
6368
3004
1758
4117
5434
5667
6273
976
53
4533
7572
225
7619
173
9282
890
4934
2975
5638
9090
685
5833
693
2155
5395
1669
6845
6131
1489
6285
8276
9782
6400
6358
1516
3667
2406
9379
7727
8691
3489
9547
4470
8734
3780
9740
5426
7117
6645
963
1309
4321
5918
6549
8326
2777
330
5516
8148
1085
4291
7273
3736
1958
1486
8141
59
8543
6692
367
6277
7151
7599
3932
1761
4804
5810
6797
8760
6768
156
3176
5353
1583
3422
6340
1565
5640
9175
7398
9666
3358
3101
9048
10000
143
9745
4987
3256
8577
6622
8385
771
7645
758
7551
7937
5986
7953
204
6151
3885
3789
1040
8773
591
2057
2921
1419
254
1645
8653
9526
8016
2756
181
3467
1411
1679
1834
5786
4054
9281
7894
606
60
3759
7239
5818
6164
9831
700
7449
4047
1006
971
3813
9409
4264
3988
1534
318
5867
3490
8422
8575
1335
1735
5328
391
2907
5776
613
7227
177
2409
3790
2088
5698
528
1637
3259
8428
8830
5945
7353
7787
7322
8983
6309
2481
7734
315
3922
3079
8360
9134
7666
4252
7590
2535
3646
2776
9979
3318
7920
7691
1891
1480
9636
7066
673
7050
9533
2898
2935
859
2899
3894
787
8660
2133
9348
428
7999
1460
2514
1028
7767
6491
3505
5690
6317
9461
7511
6671
7514
2897
5923
6760
2567
9204
7903
8702
3632
8250
6477
1347
5763
7794
7674
7534
6186
5134
2185
9103
3099
9201
778
9882
2018
2285
2828
6966
8869
4800
745
8077
4878
4161
1847
9253
527
1853
8932
5617
5415
6391
3067
2742
4190
7841
9189
6625
5298
262
3488
6518
8861
8778
5494
6473
4976
3453
1179
6310
2834
1931
1432
2060
8972
626
3439
8876
6225
7525
6456
7582
7766
2174
8818
9703
3884
1298
9851
445
400
5546
8597
7185
4053
2672
4387
6667
8959
2953
3943
3278
7024
8679
8332
6359
1251
1628
3218
9309
1282
7068
9404
506
1910
4036
6261
8430
7943
4464
4972
3063
1767
4216
7669
9947
7956
7416
6450
9140
4592
8266
2971
5461
8568
9539
3342
6220
8750
4041
4259
2799
4045
3119
7681
6501
4465
8541
7868
1992
3551
5608
6624
9028
7913
6735
198
6364
94
7576
9427
5497
7164
8024
1444
782
5048
1885
5745
6155
5318
7357
9053
2340
896
1977
5064
6115
495
3899
9457
6578
9949
2457
9522
7797
9077
6231
3640
8508
5847
5193
9036
3210
3356
7193
9250
4837
8729
4932
4735
4523
873
2800
659
3961
3596
3444
8503
640
4397
6118
1170
7541
2947
2627
1189
9055
4369
1013
9330
250
6093
1540
4307
8772
3033
63
9067
3726
8768
4614
1250
7546
447
8103
7405
9280
7870
7318
3137
1644
7289
7982
23
623
8292
2025
8992
4710
9476
8890
5831
792
2438
9966
4424
7987
4720
2700
33
5332
5959
5727
9985
4453
5065
2900
2882
1578
3517
6627
7581
7038
6948
4653
8049
556
4771
5118
4168
2433
8554
9141
4236
3815
6834
8636
9617
4370
9820
1945
1536
1879
5361
1927
4597
3857
4221
3404
6646
7192
1125
629
848
1701
4315
5390
2838
9987
3821
8937
6614
3684
1641
2153
7156
8034
1846
3664
6575
8603
7315
2673
9277
4372
2984
6898
7602
6148
3875
5886
1858
1647
3105
2918
4935
5484
9615
6295
3316
3720
6816
1164
622
4912
6882
602
7851
4604
5725
4634
4257
9609
3460
7001
6830
909
1316
3108
297
1262
8638
3083
7410
3929
3797
7978
8281
4003
7726
6174
1564
769
5459
5506
1368
7252
4893
5231
6526
4712
6469
7244
9447
7025
6572
1944
7116
8770
275
3782
6025
5982
7823
9382
3024
1135
3704
7063
2952
4978
4320
6249
1255
5585
675
3905
9357
9992
7881
2151
9852
4831
3466
9850
1441
3748
9441
2006
2459
1124
7111
4838
9228
1406
7320
1997
1811
5290
3508
3211
6919
8248
9593
3195
5680
4323
8396
5014
3262
4176
4894
7675
9010
5088
4279
6609
2770
6205
4770
4061
563
7918
2720
9015
8364
6091
5853
5620
9618
7904
1286
286
2840
8381
4019
7278
7811
3406
1220
2335
5120
2495
7395
3011
5385
5482
5050
5085
9757
6907
2955
6676
5542
4855
1207
5602
9787
7622
8726
7447
8237
4203
6256
8685
5925
3514
7040
9800
4300
299
1990
7286
2960
3143
9770
1951
1259
8055
7607
4694
4150
9701
7741
3335
9042
9033
3306
7688
6703
9582
4601
7634
941
2996
7934
2292
5473
5357
1318
6808
9759
840
2252
7732
9665
4767
317
7545
1115
8831
9784
9148
6423
1543
3713
6852
1984
9942
3116
1487
139
2803
488
7394
40
3872
9142
333
6268
5985
7225
6673
6544
215
6514
3951
3890
8211
858
3301
2373
329
2164
183
9790
2331
1943
6962
6984
813
3492
7696
27
7783
7198
9581
597
7912
8986
9888
3288
2022
1836
3716
409
9259
9813
5634
5990
5208
3072
2270
2145
1447
1359
5362
7877
1563
8301
4386
7906
4731
8079
2833
2312
2421
5428
3607
4875
1640
1651
1668
9619
5399
9192
8374
8848
2027
5780
4432
2383
9849
9671
2166
2296
4015
879
6718
5956
127
1827
5837
6773
2142
7776
6109
6626
803
5816
7048
5740
3972
7308
2420
4915
9950
1343
3652
7382
8756
5337
5323
2649
3533
3046
7161
6504
8160
1792
1808
8151
9106
5813
9697
3965
2111
7102
6257
7400
6066
9673
2286
8267
600
1790
9165
7440
4250
8008
5949
1915
8107
7414
6188
8867
8487
6961
5632
9764
6699
9502
410
2419
8950
4329
7743
7898
3985
6964
7018
9798
1889
4294
1195
2549
4418
9391
9933
7843
8550
3672
1240
473
540
3866
1896
4029
7678
7773
774
6073
5783
5492
969
1122
732
707
2771
5295
4639
5423
2902
414
7097
4557
4389
936
9710
152
684
515
5316
5143
19
9313
3400
8708
4582
4969
2303
544
6690
8157
4218
2410
1547
1204
552
6707
5515
1755
5543
8274
6840
880
7638
3593
6568
4652
6770
7248
8595
8522
5260
725
1429
6194
4783
7687
3566
5648
2644
8923
6784
8549
7158
4107
8858
8271
6619
3823
2643
482
2910
4317
4673
2906
9084
374
6827
4403
5771
2748
6890
2323
5729
1086
426
833
5873
6825
4246
6737
1831
1659
8290
7442
4312
490
9497
6414
3752
4159
6677
6726
7336
9397
6180
5832
8431
9729
6230
7756
4267
9284
5702
39
6354
5726
8824
306
8057
6612
431
5811
9937
6936
3847
3060
5790
1058
5611
1490
4378
3511
8809
9358
216
7512
1178
303
3565
717
3803
6719
5087
9108
5244
6070
9437
1625
5862
6123
5121
4973
3967
4388
468
9116
8552
3007
9097
2101
2827
9674
4540
4428
5009
9544
7549
1039
3017
49
2552
7695
4839
1340
5167
504
1401
9995
1107
4546
9438
3853
436
4217
4772
6954
6077
6714
1103
4377
4965
9633
2948
4762
2718
9963
7379
8370
6969
6897
6560
7818
6162
3134
8247
6551
252
2839
6708
5914
835
7285
2096
1192
9220
319
5775
8117
4121
5577
4547
7565
1934
6345
6080
3139
5066
1051
6017
5107
5380
5641
2546
5475
7337
2505
6024
4611
1532
2380
2677
6043
7004
670
6165
6107
2149
796
2329
2000
2119
5116
5366
1015
3307
9954
4599
9248
4394
6503
6732
6660
8563
8887
3615
9670
2263
4304
3148
6185
255
7206
916
1882
4395
4644
9396
4062
6579
6438
310
617
8681
5917
9416
25
779
9418
8243
9245
2545
780
6734
6561
7700
7612
5836
1657
7917
630
657
1917
9025
3050
3548
9429
3775
6782
5501
7822
7680
2682
8207
9546
232
1194
131
7155
4120
4507
1119
6914
1962
2536
1666
3442
6842
6824
9964
2322
6078
7208
9323
5145
4431
5885
7000
4625
4423
9917
886
8206
2913
4649
2381
1496
8029
6792
1778
9570
9295
3572
4160
4682
6235
234
849
7591
4088
4862
5972
7338
7222
1559
904
9791
311
1468
7799
9620
7594
2228
4687
459
5481
1440
567
2477
6753
3862
3231
7305
6925
6019
9197
1365
4148
8166
2539
8754
2385
4344
2844
3443
9891
2981
439
2528
2737
4322
3340
5938
9376
9068
6988
2577
5051
9788
931
9806
1723
6163
8025
7795
7476
2014
5933
7967
3608
3942
3016
3906
1476
365
8560
1621
5588
1333
8474
4920
1519
2792
950
5297
8968
6243
3668
6652
279
5924
5687
6036
3711
895
8440
8814
6459
465
350
4801
3244
1071
8432
8557
8194
7089
964
9654
2394
7723
9456
8307
8844
4356
8828
8349
3808
462
3791
8605
703
3809
7682
7569
7174
1278
1803
5591
2784
2544
3960
1618
4962
1575
7287
7006
7950
8391
4693
4351
6972
4576
9155
1770
6779
4885
5678
1043
9876
996
4337
946
6846
4237
2757
5090
3414
4946
8947
1385
9772
5888
6303
874
6752
9137
6308
93
9241
9406
7587
2858
9094
4959
5310
4091
3472
9599
1630
3294
9294
3604
3381
9364
7217
3348
5040
2293
8145
7708
7474
5530
8479
7974
2087
5865
2973
736
8053
8169
9096
5627
6649
2879
2719
8942
8865
2860
389
244
3297
7071
766
1236
8587
2580
8732
4094
4480
550
5474
9269
6221
2532
7189
1503
240
6656
830
4851
6290
6333
2632
5466
8683
3653
6488
228
970
6010
6367
4400
4651
5077
9919
1268
983
3333
9169
6943
6869
5957
808
4208
9997
8893
3580
7959
5409
1895
5526
6688
8118
8900
8188
3321
4000
1128
2261
6149
7307
6223
4004
7374
5101
1906
9218
4105
1402
7340
1414
6302
9797
1939
2671
7505
7989
3049
9045
7876
5597
5605
4910
4654
8204
6922
259
5835
4102
8358
9006
6106
4640
3030
9795
554
6065
7909
8235
8926
8698
3219
2416
923
8220
8836
7770
2482
815
4074
1794
8260
4225
3842
5449
1914
7210
9624
9777
949
2620
6989
4212
2444
9707
4302
5963
9026
2613
8736
5334
5178
4254
2486
4998
7740
6542
2783
6062
5773
103
9998
8144
6970
4402
9181
5672
5408
5183
6113
5712
417
3112
1788
9677
503
7381
2865
2339
9920
8465
8945
5598
5868
213
1602
1717
6941
4043
9110
2723
588
6374
6071
1711
1254
2701
9199
4818
257
7858
8070
6806
1609
9500
5676
1272
4840
7552
6320
3029
8043
4027
8976
6021
4472
9369
730
2021
5273
9080
2932
4745
8187
6577
9002
7558
2675
2924
2621
7420
5904
5739
2664
6537
6133
589
7223
2785
4353
3093
5371
5038
1675
2199
1973
440
7703
1279
4796
8344
9495
4520
6324
475
3629
5368
3155
3586
3449
8895
7422
6481
2072
8454
1237
4033
4764
1582
2117
1627
2474
5913
8850
8958
7007
2851
906
5247
647
5218
105
2078
1054
3624
4101
5852
7258
4952
2274
7563
2502
9681
3686
2005
3574
2091
6138
8229
7738
21
3478
7559
175
1629
4577
9363
5446
8256
1154
900
8045
4396
5255
3074
9414
3267
7597
7014
3893
8690
8566
4774
4392
9691
3326
4606
6485
6994
2711
9598
2499
8868
7267
3845
3863
6611
4700
3796
293
3648
6837
824
8673
3031
9327
532
9251
145
2362
7621
1310
4474
9408
2016
349
6371
8001
6410
2869
2161
4165
1104
10
1638
7154
8395
8191
5637
141
4223
7054
9545
6413
7216
9563
1936
1485
3569
3091
2520
8504
5953
2847
6669
3691
3997
3590
1947
6937
2269
7639
2366
3034
1970
5325
4142
6212
346
5560
7114
9355
9466
7010
1639
6716
9492
7088
355
6209
1893
8429
7406
2710
5880
9032
8955
1361
3755
113
3285
7123
1706
7651
5392
1768
3382
3115
6884
1704
2052
5258
4809
4602
9143
9503
3982
2417
3851
7363
731
5150
7827
8155
3500
1551
8572
2205
8459
1082
6326
3499
413
7782
6122
7435
6871
6031
5909
7991
9278
7586
8371
7484
892
3568
8398
2670
8203
1216
3605
9139
3766
7774
2555
641
6947
336
9024
7895
2843
1005
7121
7390
9525
5025
3169
4709
487
6487
7325
9101
1514
3814
7490
8518
7969
6674
3124
5674
4435
5296
2759
8311
6679
2830
7272
8842
1413
375
7172
9587
5043
7475
8128
1703
8915
2712
6896
1271
9875
214
2560
9420
867
50
3372
6725
7663
4316
8694
6009
9868
4616
2190
9812
3502
958
4514
4051
8058
9214
5202
1323
1256
9225
2964
8369
66
8294
4112
8240
1079
5507
5267
5352
1331
8782
9508
6615
6644
4590
2297
9050
6121
5008
671
3110
8435
6983
8610
6715
918
6832
3086
6780
8696
5514
5388
8859
1909
6179
4379
9039
2807
6132
1459
6847
7224
226
4449
6569
7921
604
4871
9387
3968
261
5748
5489
2559
150
1425
2494
2196
8545
5838
6405
4342
8662
2294
4555
4982
8509
1715
1620
2859
917
7314
5098
5241
31
5517
7171
9190
535
3638
8190
9242
5823
9955
5191
5404
4699
2781
73
7962
9390
9202
6427
3948
5981
1672
2883
8599
8205
486
953
6490
2483
6803
7246
2010
1211
237
689
4856
2657
855
5626
3622
4082
1581
8477
1553
3888
3432
9176
2733
4584
5164
6722
9518
3080
5566
4874
5958
9315
4143
5052
4345
2648
1422
5317
8689
6266
2611
3200
1994
4446
6104
399
2949
5814
7163
3975
8774
2001
3352
857
8168
5655
3394
7142
5554
9311
6419
6640
5991
231
3440
1538
6000
5704
582
3313
3232
1275
842
1509
7349
1369
7470
4093
6448
3010
1080
5723
800
9488
8269
8415
7821
1235
1779
3370
9874
4766
5968
7997
8934
7304
281
1963
2353
6267
3161
558
9778
271
474
4951
2128
7748
9915
9528
5995
2473
4334
6795
9846
5163
1392
7335
359
9646
6361
6696
9704
2856
3129
7779
6665
364
1183
1223
9160
5883
8417
1364
4363
9114
8788
7029
3423
7931
8924
2020
2622
8076
301
4373
1293
9643
1745
9072
229
804
6398
5256
6233
5268
8510
8808
338
3344
5458
4810
7830
2302
9317
83
2970
9733
4723
2582
8740
3639
432
5360
4773
5876
7235
2690
1902
4445
8505
8498
4778
7644
5752
9612
9099
3317
3989
4017
6330
1091
6058
6018
3096
7706
7396
6586
419
5345
7127
3547
1876
2298
1924
8182
4684
9381
816
5705
212
5707
2561
847
1518
3179
1305
6517
6047
4276
6117
1861
1780
3329
2442
4660
2659
9252
9901
995
4398
9560
8473
6146
1291
5223
5878
5414
6126
6112
7328
7722
1483
7673
9559
2974
1353
709
8251
8640
4792
9198
5172
2186
448
7585
3331
4986
9698
951
6565
3820
9095
5377
4200
4846
6924
7465
1299
6404
1470
7560
911
6680
571
2746
7910
2667
435
3238
4512
263
573
860
2412
7209
2283
712
9948
4164
4482
9131
7860
8343
4119
2384
3446
3451
3830
773
6447
6720
2646
6621
1756
8302
781
1528
9834
795
9924
7719
2313
2866
3197
9093
9722
8977
1451
7062
1764
3588
8039
2232
7070
2229
4784
2915
4825
1488
2137
2919
5429
1593
8445
1772
8901
1433
8919
6468
4728
3810
9270
5756
4680
1841
6412
7915
3025
7333
7837
2761
1280
8494
7401
5866
8800
3798
6415
1680
4411
7391
96
8656
9343
9335
9683
7055
8829
9638
1865
6543
1228
422
2423
8798
5922
8131
2988
4011
6498
8154
233
838
6046
4977
7792
9862
8283
6628
8040
6247
209
8811
9314
4922
4116
2257
3760
740
5402
1999
7255
624
1036
1431
4358
5453
8421
5942
6356
8111
126
3721
8244
2449
450
4612
4669
5119
1212
6184
7629
8050
8852
2523
4648
4990
682
2113
9372
4032
5035
6399
7561
6094
1860
2637
8837
397
2121
956
1030
9664
5313
6248
9222
6953
7796
4760
4816
8196
2224
6955
9833
4463
5173
7291
7103
5931
5122
1158
1035
4701
3156
652
2126
1832
5988
8801
6061
3889
9720
7197
1654
5809
7502
7326
713
8389
2359
8747
8324
2668
6878
2265
4010
8125
3999
7033
8500
4122
2498
2462
1396
7448
5329
9940
3558
5457
273
5509
2152
9193
2707
5079
2328
6197
2183
2223
1042
5857
4961
5403
8526
2829
4327
1038
645
3398
9886
9592
1475
285
4581
3162
9529
2731
1290
3198
4984
427
4444
1242
2289
3441
6499
7692
3384
5235
5647
3835
6044
3257
6425
6721
2192
7791
3350
1508
9368
1300
5895
8177
7288
2978
4207
4076
2097
4367
5787
5443
8031
4776
627
7721
894
8183
57
3602
2058
2563
8448
7110
6695
5686
3371
7538
5376
9113
4103
3332
8635
5954
1539
2610
1225
2358
4275
1273
4587
1741
8159
3369
8388
9794
7177
4586
267
2540
3361
8372
938
4751
7270
5105
2681
5195
2430
6900
7697
6967
4052
7371
1690
3066
7453
7938
324
2857
7506
2429
3751
6272
6240
4079
6406
2881
7605
246
4476
3730
5793
3070
6905
1076
6311
6928
3876
7949
3320
6054
8299
3048
7408
3462
3385
9766
6533
3908
1586
7364
7535
5921
9958
388
339
7045
6859
8710
2938
2395
3769
132
1814
8711
5068
1061
9255
7041
9705
825
3163
9869
2749
135
3625
6079
8943
4780
4781
4916
9125
2836
4666
5612
9299
1908
9976
9541
2735
7427
5774
9758
9935
2895
9983
9254
454
5759
2082
8759
8615
2376
6342
5303
449
8715
4173
5747
2425
3643
6474
9403
6497
370
8180
3204
4805
146
7859
3055
4707
1987
5175
3974
502
2864
8453
3283
3410
3971
3941
3555
4526
721
978
6559
313
5527
546
7385
8786
4350
2806
6282
4513
9243
1264
4964
4427
7482
6301
5432
9669
966
1420
5045
7501
2042
5544
1898
7948
940
5217
4310
1982
3290
3075
1370
7885
2786
3745
8723
8225
5243
1857
2612
3904
724
1052
7196
2790
6585
6566
3457
444
2791
6508
6332
6476
8625
6381
7011
6175
9297
2189
1500
4209
3094
1007
4624
6033
2017
8906
9129
3275
616
2308
2455
500
3464
7240
1655
2939
6819
999
1708
8799
568
2651
6942
418
3852
9597
1306
3403
2038
4925
3429
3484
3938
6134
5263
3870
2954
9815
5095
7907
1737
6506
4332
7458
3167
8590
7628
8591
6570
8104
2896
6377
1003
4807
4929
5629
2281
8537
2889
8654
7166
9821
9816
2011
585
5460
2408
2853
5155
5083
6686
6998
6793
8781
4502
4106
8722
8359
9523
8574
6748
6140
7017
2674
2778
3858
5062
2704
9641
9859
692
8637
5417
8670
9470
8727
2629
2641
5204
6815
6525
1023
5500
9731
8132
2576
3028
8880
3270
6038
30
6799
7295
4993
8647
7664
2642
6116
5508
3001
5169
3263
8455
3937
6887
6800
1653
1852
7897
4287
2418
6166
1100
6239
7925
2524
8295
8903
4314
7170
4092
3249
4524
9699
6613
6493
6754
6934
7369
6632
147
258
1926
2616
9584
2044
7203
9803
9944
7578
7553
4269
5158
1828
9929
200
8041
8899
2878
3964
1554
9509
4186
8253
1221
3776
4958
3220
5174
1649
8052
994
5553
5691
8458
910
7213
7079
4039
245
148
1969
9645
9211
3221
1592
2485
8044
1083
1161
4137
711
8314
2279
3471
3078
9600
6864
2066
5934
4456
1636
2998
9049
7044
5660
2434
3393
3732
15
4038
9880
7058
3758
603
6528
4949
5287
3102
6889
9713
6401
834
6598
4220
1397
9450
3895
4210
3282
9746
4848
357
3493
7528
5761
8036
1049
8674
6655
7838
5058
5766
4692
7093
6328
9685
7057
8819
8743
3739
9535
2012
1663
3839
1328
7438
3097
2386
4923
1830
7432
8704
3754
4813
9576
6023
3395
7107
3260
7276
8693
7433
9060
4016
3178
9883
5277
168
4496
3818
7733
5335
6365
3546
5212
8449
5407
4631
4152
9061
6877
6229
9856
6711
3098
9931
9034
1288
9082
9537
2112
9301
1907
4715
1321
2049
5279
1720
1569
3364
4945
371
4674
8939
4603
8775
6931
4156
9463
2037
4552
9207
98
7019
2516
1398
6347
485
3933
180
8006
9337
3009
5893
8245
8853
7689
5478
4641
5819
7924
8286
227
2730
3723
7631
1941
9520
4145
9711
3374
1665
7884
4860
7365
1694
5696
595
461
5073
2688
9194
1443
6777
7749
9293
4756
3772
2216
4779
5114
8838
744
733
7686
6968
3051
2217
5142
9756
1988
8007
7715
5989
720
8776
2392
6193
1537
3053
192
4504
7451
6337
160
9276
2564
7820
9928
1326
22
5529
8908
7404
2451
915
8668
8420
6005
2543
9626
4115
7657
7293
3357
1785
6980
3496
4896
8023
3353
4820
1019
962
8699
1374
7469
5719
1580
1383
8846
3295
6386
5870
2083
6350
1913
1133
4931
658
189
7861
1584
1199
2140
8254
5631
8405
9336
605
8087
2766
3145
9238
8624
6494
1844
5344
335
1678
6697
3510
9246
9842
2763
2255
1072
3147
283
8499
4744
5225
5808
3347
3841
8089
9887
3561
2789
9331
1510
7373
1371
2436
5060
1367
7976
3735
3805
1009
5930
3725
7643
7145
5528
1423
7060
9273
163
9154
6879
1978
2221
9913
205
9629
7421
3865
2290
196
4605
5572
2963
1976
494
1457
2751
1334
8963
593
157
4717
4718
3832
2569
8156
7137
9410
6258
5442
4911
6352
3292
1623
3644
3707
5496
9550
6785
7617
91
935
4541
1372
737
4007
9959
7532
9112
8387
4901
102
4747
655
6604
4505
8491
9511
1599
5170
4708
8086
2518
1197
402
2491
5046
1352
79
4519
5356
6449
3584
4626
6408
8565
898
9735
443
9728
2521
9479
9264
9914
6489
6564
8825
1403
8346
6218
3330
6124
2728
9017
5720
193
55
866
278
6658
6666
9029
6608
6339
1721
6305
5157
9398
7845
3084
4899
3570
6769
1376
2662
1106
5910
3281
2823
9978
337
1430
9974
1799
1606
9568
194
5029
9848
9100
320
7141
140
340
2053
5391
4238
5894
6738
4285
2306
5010
7259
4286
4374
8913
2046
870
8646
5131
3921
2236
6786
8813
2914
2739
5746
3595
7786
3939
1099
747
9569
9723
586
7522
7268
1360
6150
9261
7495
8209
2618
292
2029
7589
2203
6085
7637
7146
6700
471
2522
8816
288
5416
4306
6458
6643
5042
5372
1710
29
164
4458
3715
4539
4133
1349
9936
4565
2817
1878
5124
9399
2926
2873
1752
4955
4383
7652
2713
8744
9123
8849
5017
2702
511
4948
6812
6510
9781
3742
2538
2593
2040
2415
5952
3734
272
3298
7409
8739
6289
3396
8193
6394
8476
6651
4460
9969
8904
7032
9755
3334
2272
7829
9656
332
4348
5912
9652
3450
9861
1446
1763
4833
4740
2230
2090
6322
6479
7879
875
4703
5718
2319
7854
9939
5828
7454
8618
5976
5031
9596
726
2073
36
797
7710
6888
9773
7580
4769
1089
7232
2243
2706
4775
7781
4997
5744
2805
1777
3253
446
8212
2375
4879
6139
2928
8467
4104
2606
5601
368
560
5706
6064
5750
8142
6531
1776
2599
9890
3649
3128
4026
955
7814
7436
1608
5419
5815
3819
5386
9178
2009
3560
342
2905
466
6687
5621
1871
5379
1327
9279
6013
5304
8152
1561
8418
5180
71
3337
6306
8567
1208
1631
4991
2469
5292
5654
1689
1957
5411
1139
648
9088
8632
831
7650
4628
1864
565
3817
6432
9517
7226
3362
1382
2517
116
1946
7933
9167
4544
9898
987
4184
3880
5266
4188
4441
3637
2453
8414
6446
8866
298
2202
3246
377
1248
2028
3522
3187
1688
5159
3900
7518
1093
5375
975
8628
4661
5270
8334
680
4111
3312
5693
8559
4141
8383
3430
746
8091
8468
1427
5722
5999
9837
932
1258
5884
5630
5339
3276
8971
1358
1246
9356
7009
2291
3527
6595
9601
8764
4795
3279
5215
985
1571
7290
8356
9763
2405
6659
1314
6727
7282
300
1612
6723
3897
4128
4157
3351
1150
5502
9642
111
1754
2158
6253
395
7059
1576
3846
3125
7035
2169
7331
6380
990
7143
9153
4422
2466
354
3399
3177
4172
2023
5186
5964
551
2816
4690
3984
5623
6971
9932
7051
392
7389
6304
4672
3913
5848
5063
8639
3541
6742
9819
4272
6173
8741
1209
1646
2079
9809
5539
920
754
4333
7714
4790
1542
6736
9676
4114
1652
1607
1980
470
6362
8084
557
3421
5351
9098
1324
5628
8333
7488
6376
6527
9644
1391
3265
1750
6001
2180
1985
8261
5754
8546
2744
6574
5420
2364
6592
314
6638
6880
9378
2218
4623
8099
869
2911
4108
5679
1308
5254
5900
3339
8669
1650
8404
1045
3647
7550
6429
2809
9783
4941
7321
9349
8375
5505
8090
5826
5286
8802
383
5552
2316
1034
518
3052
3879
9482
2315
1244
9524
5701
3008
1319
4819
2972
5192
6389
5333
1210
1693
3687
2295
5117
9725
7072
4670
5148
3946
799
7431
5194
289
8226
6396
341
